v1
3,4,4,3
3,5,5,3
3,6,6,3
3,7,7,3
3,9,8,3
3,11,8,3
3,10,8,3
3,12,12,3
3,13,12,3
3,14,14,3
3,15,15,3
3,16,16,3
3,17,17,3
3,18,18,3
3,19,18,3
3,20,20,3
3,21,21,3
3,22,22,3
3,23,23,3
3,24,24,3
3,26,25,3
3,25,25,3
3,27,27,3
3,28,27,3
3,29,29,3
3,30,30,3
3,31,31,3
3,32,32,3
3,33,33,3
3,34,33,3
3,35,33,3
3,36,36,3
3,38,37,3
3,37,37,3
3,39,39,3
3,41,40,3
3,43,42,3
3,42,42,3
3,44,44,3
3,45,45,3
3,46,46,3
3,55,53,3
3,54,53,3
3,56,56,3
3,57,57,3
3,58,58,3
3,59,59,3
3,60,60,3
3,61,60,3
3,62,62,3
3,64,63,3
3,65,65,3
3,66,66,3
3,67,67,3
3,68,68,3
3,69,69,3
3,70,70,3
3,71,71,3
3,72,71,3
3,73,73,3
3,74,74,3
3,75,75,3
3,76,76,3
3,77,77,3
3,3,3,4
4,4,4,4
4,5,5,4
4,6,6,4
4,7,7,4
3,8,8,4
4,10,8,4
4,9,8,4
4,11,8,4
4,12,12,4
4,13,12,4
4,14,14,4
4,15,15,4
4,16,16,4
4,17,17,4
4,19,18,4
4,18,18,4
4,20,20,4
4,21,21,4
4,26,25,4
4,27,27,4
4,28,27,4
4,29,29,4
4,30,30,4
4,31,31,4
4,35,33,4
4,36,36,4
4,38,37,4
4,39,39,4
3,40,40,4
3,48,47,4
3,47,47,4
3,49,49,4
3,50,50,4
3,51,51,4
3,52,51,4
3,53,53,4
3,63,63,4
3,78,78,4
3,79,79,4
4,3,3,5
5,4,4,5
5,5,5,5
5,6,6,5
5,7,7,5
5,10,8,5
6,11,8,5
5,13,12,5
5,8,8,5
5,9,8,5
5,11,8,5
5,13,12,5
5,14,14,5
5,15,15,5
5,16,16,5
5,17,17,5
5,19,18,5
5,20,20,5
4,22,22,5
4,23,23,5
4,24,24,5
4,25,25,5
5,28,27,5
5,29,29,5
4,32,32,5
4,34,33,5
4,33,33,5
4,37,37,5
4,40,40,5
4,41,40,5
4,42,42,5
4,43,42,5
4,44,44,5
4,45,45,5
4,46,46,5
4,48,47,5
4,47,47,5
4,49,49,5
4,50,50,5
4,51,51,5
4,52,51,5
4,55,53,5
4,53,53,5
4,54,53,5
4,56,56,5
4,57,57,5
4,58,58,5
4,59,59,5
4,61,60,5
4,60,60,5
4,62,62,5
4,63,63,5
4,64,63,5
4,65,65,5
4,66,66,5
4,67,67,5
4,68,68,5
4,69,69,5
4,70,70,5
4,72,71,5
4,71,71,5
4,73,73,5
4,74,74,5
4,75,75,5
4,76,76,5
4,77,77,5
4,78,78,5
4,79,79,5
5,3,3,6
6,4,4,6
6,5,5,6
6,6,6,6
6,7,7,6
6,10,8,6
7,11,8,6
6,12,12,6
6,14,14,6
6,14,14,6
6,15,15,6
6,16,16,6
6,17,17,6
6,19,18,6
6,20,20,6
6,20,20,6
5,21,21,6
5,22,22,6
5,23,23,6
5,24,24,6
5,26,25,6
6,28,27,6
6,28,27,6
6,29,29,6
6,29,29,6
5,30,30,6
5,31,31,6
5,32,32,6
5,34,33,6
5,33,33,6
5,35,33,6
5,36,36,6
5,38,37,6
5,37,37,6
5,39,39,6
5,41,40,6
5,40,40,6
5,42,42,6
5,43,42,6
5,44,44,6
5,45,45,6
5,46,46,6
5,48,47,6
5,47,47,6
5,49,49,6
5,50,50,6
5,51,51,6
5,52,51,6
5,54,53,6
5,53,53,6
5,55,53,6
5,56,56,6
5,57,57,6
5,58,58,6
5,59,59,6
5,60,60,6
5,61,60,6
5,62,62,6
5,63,63,6
5,64,63,6
5,65,65,6
5,66,66,6
5,67,67,6
5,68,68,6
5,69,69,6
5,70,70,6
5,71,71,6
5,72,71,6
5,73,73,6
5,74,74,6
5,75,75,6
5,76,76,6
5,77,77,6
5,78,78,6
5,79,79,6
6,3,3,7
7,4,4,7
8,4,4,7
7,5,5,7
7,6,6,7
7,7,7,7
7,10,8,7
7,13,12,7
7,14,14,7
8,11,8,7
7,13,12,7
7,12,12,7
7,16,16,7
8,12,12,7
7,14,14,7
7,16,16,7
7,17,17,7
6,18,18,7
7,19,18,7
7,20,20,7
6,21,21,7
6,22,22,7
6,23,23,7
6,24,24,7
6,26,25,7
7,28,27,7
7,28,27,7
7,29,29,7
7,29,29,7
6,30,30,7
6,31,31,7
6,32,32,7
6,34,33,7
6,35,33,7
6,33,33,7
6,36,36,7
6,38,37,7
6,37,37,7
6,39,39,7
6,40,40,7
6,41,40,7
6,42,42,7
6,43,42,7
6,44,44,7
6,45,45,7
6,46,46,7
6,48,47,7
6,47,47,7
6,49,49,7
6,50,50,7
6,52,51,7
6,51,51,7
6,53,53,7
6,55,53,7
6,54,53,7
6,56,56,7
6,57,57,7
6,58,58,7
6,59,59,7
6,60,60,7
6,61,60,7
6,62,62,7
6,63,63,7
6,64,63,7
6,65,65,7
6,66,66,7
6,67,67,7
6,68,68,7
6,69,69,7
6,70,70,7
6,72,71,7
6,71,71,7
6,73,73,7
6,74,74,7
6,75,75,7
6,76,76,7
6,77,77,7
6,78,78,7
6,79,79,7
9,4,4,8
8,5,5,8
8,6,6,8
7,9,8,8
9,11,8,8
8,10,8,8
8,13,12,8
9,12,12,8
8,14,14,8
7,15,15,8
8,15,15,8
8,19,18,8
8,20,20,8
8,20,20,8
7,21,21,8
7,22,22,8
7,23,23,8
7,24,24,8
7,25,25,8
7,26,25,8
7,27,27,8
7,30,30,8
7,31,31,8
7,32,32,8
7,33,33,8
7,35,33,8
7,34,33,8
7,36,36,8
7,37,37,8
7,38,37,8
7,39,39,8
7,40,40,8
7,41,40,8
7,43,42,8
7,42,42,8
7,44,44,8
7,45,45,8
7,46,46,8
7,48,47,8
7,47,47,8
7,49,49,8
7,50,50,8
7,51,51,8
7,52,51,8
7,55,53,8
7,54,53,8
7,53,53,8
7,56,56,8
7,57,57,8
7,58,58,8
7,59,59,8
7,60,60,8
7,61,60,8
7,62,62,8
7,63,63,8
7,64,63,8
7,65,65,8
7,66,66,8
7,67,67,8
7,68,68,8
7,69,69,8
7,70,70,8
7,71,71,8
7,72,71,8
7,73,73,8
7,74,74,8
7,75,75,8
7,76,76,8
7,77,77,8
7,78,78,8
7,79,79,8
7,3,3,9
10,4,4,9
9,5,5,9
9,6,6,9
8,7,7,9
9,10,8,9
10,12,12,9
10,11,8,9
9,14,14,9
10,12,12,9
9,13,12,9
9,14,14,9
9,15,15,9
9,16,16,9
8,16,16,9
8,17,17,9
9,17,17,9
8,18,18,9
9,19,18,9
8,21,21,9
8,22,22,9
8,23,23,9
8,24,24,9
8,26,25,9
8,25,25,9
8,27,27,9
8,28,27,9
8,29,29,9
8,30,30,9
8,31,31,9
8,32,32,9
8,34,33,9
8,33,33,9
8,35,33,9
8,36,36,9
8,38,37,9
8,37,37,9
8,39,39,9
8,40,40,9
8,41,40,9
8,43,42,9
8,42,42,9
8,44,44,9
8,45,45,9
8,46,46,9
8,48,47,9
8,47,47,9
8,49,49,9
8,50,50,9
8,52,51,9
8,53,53,9
8,55,53,9
8,54,53,9
8,56,56,9
8,57,57,9
8,58,58,9
8,59,59,9
8,61,60,9
8,60,60,9
8,62,62,9
8,63,63,9
8,64,63,9
8,65,65,9
8,66,66,9
8,67,67,9
8,68,68,9
8,69,69,9
8,70,70,9
8,71,71,9
8,72,71,9
8,73,73,9
8,74,74,9
8,75,75,9
8,76,76,9
8,77,77,9
8,78,78,9
8,79,79,9
8,3,3,10
11,4,4,10
10,5,5,10
10,6,6,10
9,7,7,10
9,9,8,10
11,11,8,10
11,12,12,10
10,10,8,10
11,12,12,10
10,13,12,10
10,14,14,10
10,15,15,10
10,16,16,10
10,17,17,10
9,18,18,10
9,20,20,10
9,21,21,10
9,22,22,10
9,23,23,10
9,24,24,10
9,26,25,10
9,25,25,10
9,28,27,10
9,27,27,10
9,29,29,10
9,30,30,10
9,31,31,10
9,32,32,10
9,35,33,10
9,33,33,10
9,34,33,10
9,36,36,10
9,37,37,10
9,38,37,10
9,39,39,10
9,41,40,10
9,42,42,10
9,43,42,10
9,44,44,10
9,45,45,10
9,46,46,10
9,47,47,10
8,51,51,10
9,54,53,10
9,55,53,10
9,56,56,10
9,57,57,10
9,58,58,10
9,59,59,10
9,61,60,10
9,60,60,10
9,62,62,10
9,63,63,10
9,64,63,10
9,65,65,10
9,66,66,10
9,67,67,10
9,68,68,10
9,69,69,10
9,70,70,10
9,71,71,10
9,72,71,10
9,73,73,10
9,74,74,10
9,75,75,10
9,76,76,10
9,77,77,10
9,78,78,10
9,79,79,10
9,3,3,11
12,4,4,11
11,5,5,11
11,6,6,11
10,7,7,11
9,8,8,11
12,12,12,11
12,11,8,11
11,10,8,11
12,12,12,11
11,13,12,11
12,13,12,11
11,14,14,11
11,15,15,11
11,16,16,11
11,17,17,11
10,18,18,11
10,19,18,11
10,20,20,11
10,21,21,11
10,22,22,11
10,23,23,11
10,24,24,11
10,25,25,11
10,26,25,11
10,27,27,11
10,28,27,11
10,29,29,11
10,30,30,11
10,31,31,11
10,32,32,11
10,35,33,11
10,34,33,11
10,33,33,11
10,36,36,11
10,37,37,11
10,38,37,11
10,39,39,11
9,40,40,11
9,48,47,11
9,49,49,11
9,50,50,11
9,52,51,11
10,55,53,11
10,55,53,11
10,56,56,11
10,56,56,11
10,57,57,11
10,58,58,11
10,59,59,11
10,61,60,11
10,60,60,11
10,62,62,11
10,64,63,11
10,65,65,11
10,66,66,11
10,3,3,12
13,4,4,12
12,5,5,12
12,6,6,12
11,7,7,12
11,9,8,12
13,12,12,12
12,10,8,12
13,11,8,12
13,12,12,12
13,13,12,12
12,14,14,12
12,15,15,12
12,16,16,12
12,17,17,12
11,19,18,12
11,18,18,12
11,20,20,12
11,22,22,12
11,26,25,12
11,27,27,12
11,28,27,12
11,29,29,12
11,30,30,12
11,31,31,12
11,32,32,12
11,33,33,12
11,35,33,12
11,36,36,12
11,38,37,12
11,39,39,12
10,40,40,12
10,41,40,12
10,42,42,12
10,43,42,12
10,44,44,12
10,45,45,12
10,46,46,12
10,47,47,12
10,48,47,12
10,49,49,12
10,50,50,12
10,51,51,12
10,52,51,12
10,53,53,12
11,55,53,12
11,56,56,12
11,56,56,12
10,63,63,12
10,67,67,12
10,68,68,12
10,69,69,12
10,70,70,12
10,72,71,12
10,71,71,12
10,73,73,12
10,74,74,12
10,75,75,12
10,76,76,12
10,77,77,12
10,78,78,12
10,79,79,12
14,4,4,13
13,5,5,13
12,7,7,13
14,11,8,13
14,13,12,13
13,14,14,13
14,13,12,13
14,12,12,13
13,14,14,13
13,15,15,13
13,16,16,13
13,17,17,13
12,19,18,13
12,18,18,13
12,20,20,13
11,21,21,13
12,22,22,13
11,23,23,13
11,24,24,13
12,26,25,13
12,27,27,13
12,27,27,13
12,28,27,13
12,29,29,13
12,30,30,13
12,31,31,13
12,35,33,13
12,36,36,13
12,36,36,13
12,38,37,13
12,39,39,13
12,39,39,13
11,40,40,13
11,41,40,13
11,42,42,13
11,43,42,13
11,44,44,13
11,45,45,13
11,46,46,13
11,48,47,13
11,47,47,13
11,49,49,13
11,50,50,13
11,52,51,13
11,51,51,13
11,54,53,13
11,53,53,13
11,57,57,13
11,58,58,13
11,59,59,13
11,60,60,13
11,61,60,13
11,62,62,13
11,64,63,13
11,63,63,13
11,65,65,13
11,66,66,13
11,67,67,13
11,68,68,13
11,69,69,13
11,70,70,13
11,72,71,13
11,71,71,13
11,73,73,13
11,74,74,13
11,75,75,13
11,76,76,13
11,77,77,13
11,78,78,13
11,79,79,13
11,3,3,14
15,4,4,14
14,5,5,14
13,6,6,14
13,7,7,14
16,11,8,14
15,13,12,14
15,11,8,14
14,14,14,14
14,10,8,14
15,13,12,14
15,12,12,14
14,14,14,14
14,15,15,14
14,16,16,14
14,17,17,14
13,18,18,14
13,19,18,14
13,20,20,14
12,21,21,14
13,23,23,14
12,23,23,14
12,24,24,14
12,25,25,14
13,26,25,14
13,27,27,14
13,28,27,14
13,29,29,14
12,32,32,14
13,35,33,14
13,36,36,14
13,38,37,14
13,36,36,14
13,38,37,14
12,37,37,14
12,40,40,14
12,41,40,14
12,43,42,14
12,42,42,14
12,44,44,14
12,45,45,14
12,46,46,14
12,47,47,14
12,48,47,14
12,49,49,14
12,50,50,14
12,51,51,14
12,52,51,14
12,55,53,14
12,53,53,14
12,54,53,14
12,56,56,14
12,57,57,14
12,58,58,14
12,59,59,14
12,61,60,14
12,60,60,14
12,62,62,14
12,64,63,14
12,63,63,14
12,65,65,14
12,66,66,14
12,67,67,14
12,68,68,14
12,69,69,14
12,70,70,14
12,71,71,14
12,72,71,14
12,73,73,14
12,74,74,14
12,75,75,14
12,76,76,14
12,77,77,14
12,78,78,14
12,79,79,14
12,3,3,15
16,4,4,15
15,5,5,15
14,6,6,15
14,7,7,15
12,8,8,15
16,12,12,15
17,11,8,15
16,12,12,15
16,13,12,15
15,14,14,15
15,15,15,15
15,16,16,15
15,17,17,15
14,19,18,15
14,20,20,15
13,21,21,15
13,22,22,15
13,24,24,15
13,25,25,15
14,26,25,15
14,25,25,15
14,29,29,15
13,30,30,15
13,31,31,15
13,32,32,15
13,33,33,15
14,35,33,15
14,36,36,15
14,36,36,15
13,37,37,15
13,39,39,15
13,41,40,15
13,40,40,15
13,42,42,15
13,43,42,15
13,44,44,15
13,45,45,15
13,46,46,15
13,48,47,15
13,47,47,15
13,49,49,15
13,50,50,15
13,52,51,15
13,54,53,15
13,55,53,15
13,53,53,15
13,56,56,15
13,57,57,15
13,58,58,15
13,59,59,15
13,61,60,15
13,60,60,15
13,62,62,15
13,64,63,15
13,63,63,15
13,65,65,15
13,66,66,15
13,67,67,15
13,68,68,15
13,69,69,15
13,70,70,15
13,72,71,15
13,71,71,15
13,73,73,15
13,74,74,15
13,75,75,15
13,76,76,15
13,77,77,15
13,78,78,15
13,79,79,15
13,3,3,16
17,4,4,16
16,5,5,16
15,6,6,16
15,7,7,16
16,10,8,16
17,13,12,16
18,11,8,16
16,14,14,16
17,13,12,16
17,12,12,16
16,14,14,16
16,15,15,16
16,16,16,16
16,17,17,16
15,19,18,16
15,20,20,16
15,20,20,16
14,21,21,16
14,22,22,16
14,23,23,16
14,24,24,16
15,28,27,16
15,29,29,16
14,27,27,16
15,29,29,16
14,30,30,16
14,31,31,16
14,32,32,16
14,33,33,16
14,34,33,16
14,38,37,16
14,37,37,16
14,39,39,16
14,41,40,16
14,43,42,16
14,42,42,16
14,44,44,16
14,45,45,16
14,46,46,16
14,48,47,16
14,47,47,16
14,49,49,16
14,50,50,16
13,51,51,16
14,52,51,16
14,55,53,16
14,54,53,16
14,53,53,16
14,56,56,16
14,57,57,16
14,58,58,16
14,59,59,16
14,61,60,16
14,60,60,16
14,62,62,16
14,64,63,16
14,63,63,16
14,65,65,16
14,66,66,16
14,67,67,16
14,68,68,16
14,69,69,16
14,70,70,16
14,71,71,16
14,72,71,16
14,73,73,16
14,74,74,16
14,75,75,16
14,76,76,16
14,77,77,16
14,78,78,16
14,79,79,16
14,3,3,17
18,4,4,17
17,5,5,17
16,6,6,17
16,7,7,17
14,8,8,17
18,13,12,17
17,10,8,17
19,11,8,17
18,13,12,17
18,12,12,17
17,14,14,17
17,15,15,17
17,16,16,17
17,17,17,17
16,19,18,17
16,20,20,17
16,20,20,17
15,21,21,17
15,22,22,17
15,23,23,17
15,24,24,17
15,25,25,17
16,28,27,17
16,28,27,17
16,29,29,17
16,29,29,17
15,30,30,17
15,31,31,17
15,32,32,17
15,35,33,17
15,33,33,17
15,34,33,17
15,36,36,17
15,38,37,17
15,37,37,17
15,39,39,17
14,40,40,17
15,41,40,17
15,42,42,17
15,43,42,17
15,44,44,17
15,45,45,17
15,46,46,17
15,47,47,17
14,51,51,17
15,54,53,17
15,55,53,17
15,56,56,17
15,57,57,17
15,58,58,17
15,59,59,17
15,60,60,17
15,61,60,17
15,62,62,17
15,64,63,17
15,63,63,17
15,65,65,17
15,66,66,17
15,67,67,17
15,68,68,17
15,69,69,17
15,70,70,17
15,71,71,17
15,72,71,17
15,73,73,17
15,74,74,17
15,75,75,17
15,76,76,17
15,77,77,17
15,78,78,17
15,79,79,17
19,4,4,18
18,5,5,18
17,6,6,18
17,7,7,18
20,11,8,18
19,13,12,18
18,10,8,18
19,13,12,18
19,12,12,18
18,14,14,18
18,15,15,18
18,16,16,18
18,17,17,18
16,18,18,18
17,19,18,18
17,20,20,18
16,21,21,18
16,22,22,18
16,23,23,18
16,24,24,18
16,25,25,18
16,26,25,18
16,27,27,18
17,28,27,18
17,29,29,18
16,30,30,18
17,31,31,18
16,31,31,18
16,32,32,18
16,33,33,18
16,35,33,18
16,34,33,18
16,36,36,18
16,37,37,18
16,38,37,18
16,39,39,18
16,41,40,18
16,42,42,18
16,42,42,18
15,48,47,18
15,49,49,18
15,50,50,18
15,51,51,18
16,54,53,18
16,54,53,18
16,55,53,18
16,56,56,18
16,56,56,18
16,57,57,18
16,58,58,18
16,59,59,18
16,60,60,18
16,61,60,18
16,62,62,18
16,64,63,18
16,65,65,18
16,66,66,18
16,67,67,18
16,68,68,18
16,69,69,18
16,70,70,18
16,71,71,18
15,3,3,19
20,4,4,19
19,5,5,19
18,6,6,19
18,7,7,19
21,11,8,19
20,12,12,19
19,10,8,19
19,14,14,19
20,12,12,19
20,13,12,19
19,14,14,19
19,15,15,19
19,16,16,19
19,17,17,19
18,19,18,19
18,20,20,19
18,20,20,19
17,21,21,19
17,22,22,19
17,23,23,19
17,24,24,19
17,26,25,19
18,28,27,19
18,28,27,19
18,29,29,19
18,29,29,19
17,30,30,19
17,32,32,19
17,34,33,19
17,33,33,19
17,35,33,19
17,36,36,19
17,37,37,19
17,38,37,19
17,39,39,19
16,40,40,19
16,43,42,19
16,44,44,19
16,45,45,19
16,46,46,19
16,47,47,19
16,48,47,19
16,49,49,19
16,50,50,19
16,51,51,19
17,55,53,19
17,55,53,19
17,56,56,19
17,56,56,19
17,57,57,19
17,58,58,19
17,59,59,19
17,61,60,19
17,60,60,19
17,62,62,19
16,63,63,19
16,72,71,19
16,73,73,19
16,74,74,19
16,75,75,19
16,76,76,19
16,77,77,19
16,78,78,19
16,79,79,19
16,3,3,20
21,4,4,20
20,5,5,20
19,6,6,20
19,7,7,20
18,9,8,20
21,13,12,20
20,14,14,20
22,11,8,20
21,13,12,20
21,12,12,20
20,14,14,20
20,15,15,20
20,16,16,20
20,17,17,20
18,18,18,20
19,19,18,20
19,20,20,20
18,21,21,20
18,22,22,20
18,23,23,20
18,26,25,20
18,27,27,20
19,28,27,20
19,29,29,20
18,30,30,20
18,31,31,20
18,32,32,20
18,35,33,20
19,35,33,20
19,34,33,20
18,34,33,20
18,33,33,20
18,36,36,20
18,38,37,20
18,39,39,20
17,40,40,20
17,41,40,20
17,42,42,20
17,43,42,20
17,44,44,20
17,45,45,20
17,46,46,20
17,48,47,20
17,47,47,20
17,49,49,20
17,50,50,20
17,51,51,20
17,52,51,20
17,53,53,20
18,56,56,20
18,55,53,20
18,56,56,20
18,57,57,20
18,58,58,20
18,59,59,20
17,64,63,20
17,63,63,20
17,65,65,20
17,66,66,20
17,67,67,20
17,68,68,20
17,69,69,20
17,70,70,20
17,71,71,20
17,72,71,20
17,73,73,20
17,74,74,20
17,75,75,20
17,76,76,20
17,77,77,20
17,78,78,20
17,79,79,20
17,3,3,21
22,4,4,21
23,4,4,21
21,5,5,21
20,6,6,21
20,7,7,21
23,11,8,21
22,13,12,21
21,10,8,21
21,14,14,21
22,13,12,21
23,12,12,21
22,12,12,21
21,14,14,21
21,15,15,21
21,16,16,21
19,18,18,21
20,19,18,21
20,20,20,21
19,21,21,21
18,24,24,21
18,25,25,21
19,26,25,21
19,27,27,21
20,28,27,21
20,29,29,21
19,30,30,21
19,31,31,21
19,32,32,21
19,33,33,21
19,36,36,21
19,38,37,21
19,39,39,21
19,39,39,21
18,41,40,21
18,40,40,21
18,43,42,21
18,42,42,21
18,44,44,21
18,45,45,21
18,46,46,21
18,48,47,21
18,47,47,21
18,49,49,21
18,50,50,21
18,52,51,21
19,55,53,21
18,53,53,21
18,54,53,21
18,61,60,21
18,60,60,21
18,62,62,21
18,63,63,21
18,64,63,21
18,65,65,21
18,66,66,21
18,67,67,21
18,68,68,21
18,69,69,21
18,70,70,21
18,72,71,21
18,71,71,21
18,73,73,21
18,74,74,21
18,75,75,21
18,76,76,21
18,77,77,21
18,78,78,21
18,79,79,21
18,3,3,22
24,4,4,22
22,5,5,22
21,6,6,22
21,7,7,22
18,8,8,22
24,11,8,22
23,13,12,22
22,10,8,22
23,13,12,22
24,12,12,22
22,14,14,22
22,15,15,22
22,16,16,22
21,17,17,22
20,18,18,22
21,19,18,22
21,20,20,22
19,22,22,22
19,23,23,22
19,24,24,22
19,25,25,22
21,28,27,22
21,28,27,22
20,27,27,22
20,30,30,22
20,31,31,22
20,35,33,22
20,36,36,22
19,37,37,22
20,37,37,22
20,38,37,22
20,39,39,22
19,41,40,22
19,40,40,22
19,42,42,22
19,43,42,22
19,44,44,22
19,45,45,22
19,46,46,22
19,47,47,22
19,48,47,22
19,49,49,22
19,50,50,22
18,51,51,22
19,52,51,22
19,54,53,22
19,53,53,22
19,56,56,22
19,57,57,22
19,58,58,22
19,59,59,22
19,61,60,22
19,60,60,22
19,62,62,22
19,64,63,22
19,63,63,22
19,65,65,22
19,66,66,22
19,67,67,22
19,68,68,22
19,69,69,22
19,70,70,22
19,72,71,22
19,71,71,22
19,73,73,22
19,74,74,22
19,75,75,22
19,76,76,22
19,77,77,22
19,78,78,22
19,79,79,22
25,4,4,23
23,5,5,23
22,6,6,23
22,7,7,23
23,10,8,23
25,11,8,23
25,12,12,23
25,12,12,23
24,13,12,23
23,14,14,23
23,15,15,23
23,16,16,23
22,17,17,23
22,19,18,23
22,20,20,23
22,20,20,23
20,21,21,23
20,22,22,23
20,23,23,23
20,24,24,23
20,25,25,23
22,28,27,23
22,28,27,23
21,27,27,23
21,29,29,23
20,32,32,23
20,34,33,23
21,36,36,23
21,35,33,23
21,36,36,23
21,38,37,23
21,39,39,23
20,41,40,23
20,42,42,23
20,43,42,23
20,44,44,23
20,45,45,23
20,46,46,23
20,48,47,23
20,47,47,23
20,49,49,23
20,50,50,23
19,51,51,23
20,52,51,23
20,55,53,23
20,53,53,23
20,54,53,23
20,56,56,23
20,57,57,23
20,58,58,23
20,59,59,23
20,61,60,23
20,60,60,23
20,62,62,23
20,64,63,23
20,63,63,23
20,65,65,23
20,66,66,23
20,67,67,23
20,68,68,23
20,69,69,23
20,70,70,23
20,71,71,23
20,72,71,23
20,73,73,23
20,74,74,23
20,75,75,23
20,76,76,23
20,77,77,23
20,78,78,23
20,79,79,23
19,3,3,24
26,4,4,24
24,5,5,24
23,6,6,24
23,7,7,24
27,11,8,24
26,12,12,24
25,14,14,24
26,11,8,24
24,15,15,24
26,12,12,24
25,13,12,24
25,14,14,24
24,14,14,24
24,15,15,24
24,16,16,24
23,17,17,24
22,18,18,24
23,19,18,24
23,20,20,24
21,21,21,24
21,22,22,24
21,23,23,24
21,24,24,24
22,26,25,24
22,27,27,24
22,27,27,24
22,29,29,24
21,30,30,24
21,31,31,24
21,32,32,24
21,34,33,24
22,35,33,24
22,36,36,24
22,36,36,24
22,38,37,24
21,37,37,24
21,41,40,24
21,43,42,24
21,43,42,24
21,42,42,24
21,44,44,24
21,45,45,24
21,46,46,24
21,47,47,24
21,48,47,24
20,51,51,24
21,55,53,24
21,54,53,24
21,56,56,24
21,57,57,24
21,58,58,24
21,59,59,24
21,60,60,24
21,61,60,24
21,62,62,24
21,64,63,24
21,63,63,24
21,65,65,24
21,66,66,24
21,67,67,24
21,68,68,24
21,69,69,24
21,70,70,24
21,72,71,24
21,71,71,24
21,73,73,24
21,74,74,24
21,75,75,24
21,76,76,24
21,77,77,24
21,78,78,24
21,79,79,24
20,3,3,25
27,4,4,25
25,5,5,25
24,6,6,25
20,8,8,25
27,12,12,25
26,14,14,25
28,11,8,25
27,12,12,25
26,13,12,25
26,14,14,25
25,15,15,25
25,16,16,25
24,17,17,25
23,18,18,25
24,19,18,25
24,20,20,25
22,21,21,25
22,22,22,25
22,23,23,25
22,24,24,25
23,26,25,25
23,27,27,25
23,27,27,25
23,28,27,25
23,29,29,25
22,30,30,25
22,31,31,25
22,32,32,25
23,35,33,25
23,36,36,25
22,33,33,25
23,36,36,25
22,37,37,25
22,39,39,25
22,41,40,25
22,43,42,25
23,41,40,25
23,40,40,25
22,43,42,25
22,42,42,25
21,49,49,25
21,50,50,25
21,52,51,25
22,55,53,25
22,55,53,25
22,56,56,25
22,54,53,25
22,56,56,25
22,57,57,25
22,58,58,25
22,59,59,25
22,61,60,25
22,60,60,25
22,62,62,25
22,64,63,25
22,65,65,25
22,66,66,25
22,67,67,25
22,68,68,25
22,69,69,25
22,70,70,25
22,71,71,25
22,72,71,25
21,3,3,26
28,4,4,26
26,5,5,26
25,6,6,26
24,7,7,26
21,8,8,26
28,12,12,26
29,11,8,26
28,12,12,26
27,13,12,26
27,14,14,26
26,15,15,26
26,16,16,26
25,17,17,26
25,19,18,26
25,20,20,26
23,21,21,26
23,22,22,26
23,23,23,26
23,24,24,26
23,25,25,26
24,26,25,26
24,28,27,26
24,29,29,26
23,30,30,26
23,31,31,26
23,32,32,26
23,33,33,26
23,34,33,26
24,35,33,26
23,38,37,26
23,37,37,26
23,39,39,26
22,40,40,26
24,43,42,26
23,42,42,26
22,44,44,26
22,45,45,26
22,46,46,26
22,47,47,26
22,48,47,26
22,49,49,26
22,50,50,26
22,52,51,26
23,55,53,26
23,55,53,26
23,54,53,26
23,56,56,26
23,56,56,26
23,57,57,26
23,58,58,26
23,59,59,26
23,61,60,26
23,60,60,26
23,62,62,26
23,64,63,26
23,65,65,26
23,65,65,26
23,66,66,26
23,67,67,26
22,73,73,26
22,74,74,26
22,75,75,26
22,76,76,26
22,77,77,26
22,78,78,26
22,79,79,26
22,3,3,27
29,4,4,27
27,5,5,27
26,6,6,27
25,7,7,27
24,9,8,27
29,12,12,27
28,14,14,27
30,11,8,27
29,12,12,27
28,13,12,27
28,14,14,27
27,15,15,27
27,16,16,27
26,17,17,27
26,19,18,27
26,20,20,27
26,20,20,27
24,21,21,27
24,22,22,27
24,23,23,27
24,24,24,27
24,25,25,27
24,27,27,27
25,28,27,27
25,29,29,27
24,30,30,27
24,31,31,27
24,32,32,27
24,33,33,27
24,34,33,27
24,36,36,27
24,37,37,27
24,38,37,27
24,39,39,27
23,43,42,27
25,44,44,27
23,44,44,27
23,45,45,27
23,46,46,27
23,48,47,27
23,47,47,27
23,49,49,27
23,50,50,27
23,51,51,27
23,52,51,27
23,53,53,27
24,55,53,27
24,56,56,27
24,57,57,27
24,58,58,27
24,59,59,27
24,61,60,27
24,60,60,27
24,62,62,27
23,63,63,27
23,68,68,27
23,69,69,27
23,70,70,27
23,72,71,27
23,71,71,27
23,73,73,27
23,74,74,27
23,75,75,27
23,76,76,27
23,77,77,27
23,78,78,27
23,79,79,27
30,4,4,28
28,5,5,28
27,6,6,28
26,7,7,28
25,9,8,28
29,13,12,28
31,11,8,28
29,13,12,28
30,12,12,28
29,14,14,28
28,15,15,28
28,16,16,28
27,17,17,28
25,18,18,28
27,19,18,28
25,21,21,28
25,22,22,28
25,23,23,28
25,26,25,28
25,27,27,28
26,28,27,28
26,29,29,28
25,30,30,28
25,31,31,28
25,32,32,28
25,35,33,28
25,33,33,28
25,34,33,28
25,36,36,28
25,38,37,28
25,39,39,28
24,41,40,28
24,40,40,28
24,42,42,28
24,44,44,28
24,45,45,28
26,46,46,28
26,46,46,28
24,46,46,28
24,48,47,28
24,47,47,28
24,49,49,28
24,50,50,28
24,52,51,28
24,54,53,28
25,56,56,28
25,55,53,28
25,56,56,28
25,57,57,28
25,58,58,28
25,59,59,28
24,63,63,28
24,64,63,28
24,65,65,28
24,66,66,28
24,67,67,28
24,68,68,28
24,69,69,28
24,70,70,28
24,72,71,28
24,71,71,28
24,73,73,28
24,74,74,28
24,75,75,28
24,76,76,28
24,77,77,28
24,78,78,28
24,79,79,28
23,3,3,29
31,4,4,29
29,5,5,29
28,6,6,29
27,7,7,29
29,10,8,29
31,12,12,29
30,14,14,29
32,11,8,29
31,12,12,29
30,13,12,29
30,14,14,29
29,15,15,29
29,16,16,29
28,17,17,29
26,18,18,29
28,19,18,29
27,20,20,29
26,21,21,29
26,22,22,29
25,24,24,29
25,25,25,29
27,28,27,29
27,28,27,29
27,29,29,29
27,29,29,29
26,30,30,29
26,31,31,29
26,32,32,29
26,35,33,29
26,33,33,29
26,34,33,29
26,36,36,29
26,38,37,29
26,39,39,29
26,39,39,29
25,41,40,29
25,43,42,29
25,42,42,29
25,46,46,29
25,48,47,29
26,47,47,29
25,47,47,29
25,49,49,29
25,50,50,29
25,52,51,29
26,55,53,29
26,55,53,29
26,56,56,29
26,57,57,29
26,56,56,29
26,57,57,29
25,60,60,29
25,61,60,29
25,62,62,29
25,64,63,29
25,63,63,29
25,65,65,29
25,66,66,29
25,67,67,29
25,68,68,29
25,69,69,29
25,70,70,29
25,71,71,29
25,72,71,29
25,73,73,29
25,74,74,29
25,75,75,29
25,76,76,29
25,77,77,29
25,78,78,29
25,79,79,29
24,3,3,30
32,4,4,30
30,5,5,30
29,6,6,30
28,7,7,30
24,8,8,30
32,12,12,30
33,11,8,30
31,14,14,30
32,12,12,30
31,13,12,30
31,14,14,30
30,15,15,30
30,16,16,30
29,17,17,30
27,18,18,30
29,19,18,30
28,20,20,30
27,21,21,30
26,23,23,30
26,24,24,30
27,26,25,30
27,27,27,30
28,29,29,30
28,28,27,30
28,29,29,30
27,30,30,30
27,31,31,30
27,32,32,30
27,35,33,30
27,36,36,30
26,37,37,30
27,38,37,30
27,39,39,30
26,41,40,30
26,43,42,30
26,43,42,30
26,42,42,30
26,44,44,30
26,45,45,30
27,48,47,30
28,49,49,30
28,49,49,30
26,49,49,30
26,50,50,30
25,51,51,30
26,52,51,30
26,54,53,30
26,58,58,30
26,59,59,30
26,61,60,30
26,60,60,30
26,62,62,30
26,64,63,30
26,63,63,30
26,65,65,30
26,66,66,30
26,67,67,30
26,68,68,30
26,69,69,30
26,70,70,30
26,72,71,30
26,71,71,30
26,73,73,30
26,74,74,30
26,75,75,30
26,76,76,30
26,77,77,30
26,78,78,30
26,79,79,30
25,3,3,31
33,4,4,31
31,5,5,31
30,6,6,31
29,7,7,31
31,10,8,31
32,13,12,31
34,11,8,31
32,14,14,31
32,13,12,31
33,12,12,31
32,14,14,31
31,15,15,31
31,16,16,31
30,17,17,31
30,19,18,31
29,20,20,31
29,20,20,31
27,22,22,31
27,23,23,31
27,24,24,31
27,25,25,31
28,26,25,31
28,27,27,31
29,28,27,31
29,29,29,31
28,30,30,31
28,31,31,31
27,33,33,31
28,36,36,31
28,35,33,31
28,36,36,31
27,37,37,31
28,38,37,31
28,39,39,31
26,40,40,31
27,41,40,31
27,42,42,31
27,43,42,31
27,44,44,31
27,45,45,31
27,46,46,31
27,47,47,31
28,50,50,31
26,51,51,31
27,54,53,31
27,56,56,31
27,55,53,31
27,56,56,31
27,57,57,31
27,58,58,31
27,59,59,31
27,61,60,31
27,60,60,31
27,62,62,31
27,64,63,31
27,63,63,31
27,65,65,31
27,66,66,31
27,67,67,31
27,68,68,31
27,69,69,31
27,70,70,31
27,72,71,31
27,71,71,31
27,73,73,31
27,74,74,31
27,75,75,31
27,76,76,31
27,77,77,31
27,78,78,31
27,79,79,31
26,3,3,32
34,4,4,32
32,5,5,32
31,6,6,32
30,7,7,32
29,9,8,32
33,13,12,32
35,11,8,32
33,14,14,32
33,13,12,32
34,12,12,32
33,14,14,32
32,15,15,32
32,16,16,32
31,17,17,32
31,19,18,32
30,20,20,32
30,20,20,32
28,21,21,32
28,22,22,32
28,23,23,32
28,24,24,32
28,25,25,32
30,28,27,32
30,28,27,32
30,29,29,32
30,29,29,32
29,30,30,32
28,32,32,32
29,35,33,32
29,36,36,32
28,33,33,32
29,36,36,32
28,37,37,32
29,38,37,32
29,39,39,32
28,41,40,32
28,42,42,32
28,42,42,32
28,43,42,32
28,44,44,32
27,49,49,32
27,50,50,32
27,52,51,32
29,51,51,32
28,55,53,32
29,52,51,32
28,55,53,32
28,54,53,32
28,56,56,32
28,56,56,32
28,57,57,32
28,58,58,32
28,59,59,32
28,61,60,32
28,60,60,32
28,62,62,32
28,64,63,32
28,65,65,32
28,66,66,32
28,67,67,32
28,68,68,32
28,69,69,32
28,70,70,32
28,71,71,32
28,72,71,32
28,73,73,32
28,74,74,32
27,3,3,33
35,4,4,33
33,5,5,33
32,6,6,33
31,7,7,33
33,10,8,33
35,12,12,33
37,11,8,33
36,11,8,33
35,12,12,33
34,13,12,33
34,14,14,33
33,15,15,33
33,16,16,33
32,17,17,33
30,18,18,33
31,20,20,33
29,21,21,33
29,22,22,33
29,23,23,33
29,24,24,33
29,25,25,33
31,28,27,33
31,28,27,33
31,29,29,33
31,29,29,33
29,31,31,33
29,32,32,33
30,35,33,33
30,36,36,33
29,33,33,33
30,36,36,33
29,37,37,33
30,38,37,33
30,39,39,33
28,40,40,33
29,41,40,33
28,45,45,33
28,46,46,33
28,47,47,33
28,48,47,33
28,51,51,33
30,53,53,33
30,53,53,33
29,55,53,33
29,54,53,33
30,54,53,33
29,56,56,33
30,55,53,33
29,56,56,33
29,57,57,33
29,58,58,33
29,59,59,33
29,60,60,33
29,61,60,33
29,62,62,33
29,64,63,33
29,65,65,33
29,65,65,33
29,66,66,33
29,67,67,33
29,68,68,33
29,69,69,33
28,75,75,33
28,76,76,33
28,77,77,33
28,78,78,33
28,79,79,33
36,4,4,34
34,5,5,34
33,6,6,34
32,7,7,34
38,11,8,34
36,12,12,34
35,14,14,34
34,10,8,34
36,12,12,34
36,13,12,34
35,13,12,34
35,14,14,34
34,15,15,34
34,16,16,34
33,17,17,34
32,19,18,34
32,20,20,34
32,20,20,34
30,21,21,34
30,22,22,34
30,23,23,34
30,24,24,34
31,26,25,34
32,28,27,34
32,28,27,34
32,29,29,34
32,29,29,34
30,30,30,34
30,31,31,34
30,32,32,34
30,33,33,34
31,36,36,34
31,35,33,34
31,36,36,34
30,37,37,34
29,40,40,34
29,42,42,34
29,43,42,34
29,44,44,34
29,45,45,34
29,46,46,34
29,47,47,34
29,48,47,34
29,49,49,34
29,50,50,34
29,53,53,34
30,56,56,34
31,56,56,34
31,57,57,34
30,57,57,34
30,58,58,34
30,59,59,34
30,61,60,34
30,60,60,34
30,62,62,34
29,63,63,34
30,64,63,34
30,65,65,34
29,70,70,34
29,72,71,34
29,71,71,34
29,73,73,34
29,74,74,34
29,75,75,34
29,76,76,34
29,77,77,34
29,78,78,34
29,79,79,34
28,3,3,35
38,4,4,35
37,4,4,35
35,5,5,35
34,6,6,35
33,7,7,35
39,11,8,35
37,12,12,35
36,14,14,35
35,15,15,35
37,12,12,35
37,13,12,35
38,12,12,35
36,14,14,35
35,15,15,35
35,16,16,35
34,17,17,35
33,19,18,35
33,20,20,35
33,20,20,35
31,21,21,35
31,22,22,35
31,23,23,35
31,24,24,35
32,26,25,35
32,27,27,35
33,29,29,35
33,28,27,35
33,29,29,35
31,30,30,35
31,31,31,35
31,32,32,35
32,35,33,35
32,36,36,35
31,34,33,35
32,36,36,35
31,37,37,35
31,38,37,35
31,39,39,35
30,41,40,35
30,40,40,35
30,43,42,35
30,42,42,35
30,44,44,35
30,45,45,35
30,46,46,35
30,47,47,35
30,48,47,35
30,49,49,35
30,50,50,35
30,52,51,35
31,55,53,35
32,58,58,35
31,58,58,35
31,59,59,35
31,60,60,35
31,61,60,35
31,62,62,35
30,63,63,35
30,66,66,35
30,67,67,35
30,68,68,35
30,69,69,35
30,70,70,35
30,72,71,35
30,71,71,35
30,73,73,35
30,74,74,35
30,75,75,35
30,76,76,35
30,77,77,35
30,78,78,35
30,79,79,35
29,3,3,36
39,4,4,36
36,5,5,36
35,6,6,36
34,7,7,36
40,11,8,36
38,13,12,36
37,14,14,36
38,13,12,36
39,12,12,36
37,14,14,36
36,15,15,36
36,16,16,36
35,17,17,36
34,19,18,36
34,20,20,36
32,21,21,36
32,22,22,36
32,23,23,36
32,24,24,36
33,26,25,36
34,28,27,36
34,29,29,36
32,30,30,36
32,31,31,36
32,32,32,36
33,35,33,36
32,34,33,36
32,33,33,36
32,38,37,36
32,39,39,36
31,41,40,36
31,43,42,36
31,42,42,36
31,44,44,36
31,45,45,36
31,46,46,36
31,47,47,36
31,48,47,36
31,49,49,36
31,50,50,36
30,51,51,36
31,52,51,36
31,53,53,36
32,56,56,36
32,55,53,36
32,56,56,36
32,57,57,36
32,59,59,36
32,60,60,36
33,60,60,36
31,63,63,36
31,64,63,36
31,65,65,36
31,66,66,36
31,67,67,36
31,68,68,36
31,69,69,36
31,70,70,36
31,71,71,36
31,72,71,36
31,73,73,36
31,74,74,36
31,75,75,36
31,76,76,36
31,77,77,36
31,78,78,36
31,79,79,36
30,3,3,37
40,4,4,37
37,5,5,37
36,6,6,37
35,7,7,37
41,11,8,37
40,12,12,37
38,14,14,37
37,15,15,37
40,12,12,37
39,13,12,37
38,14,14,37
37,15,15,37
37,16,16,37
36,17,17,37
35,19,18,37
35,20,20,37
35,20,20,37
33,21,21,37
33,22,22,37
33,23,23,37
34,26,25,37
35,28,27,37
35,28,27,37
33,27,27,37
33,30,30,37
33,31,31,37
33,32,32,37
33,34,33,37
34,35,33,37
33,33,33,37
33,36,36,37
32,37,37,37
33,38,37,37
33,39,39,37
31,40,40,37
32,41,40,37
32,43,42,37
32,42,42,37
32,44,44,37
32,45,45,37
32,46,46,37
32,47,47,37
32,48,47,37
32,49,49,37
32,50,50,37
31,51,51,37
32,54,53,37
33,55,53,37
33,56,56,37
33,57,57,37
32,61,60,37
34,61,60,37
32,62,62,37
32,63,63,37
32,64,63,37
32,65,65,37
32,66,66,37
32,67,67,37
32,68,68,37
32,69,69,37
32,70,70,37
32,72,71,37
32,71,71,37
32,73,73,37
32,74,74,37
32,75,75,37
32,76,76,37
32,77,77,37
32,78,78,37
32,79,79,37
31,3,3,38
41,4,4,38
38,5,5,38
37,6,6,38
36,7,7,38
38,10,8,38
42,11,8,38
40,13,12,38
40,13,12,38
41,12,12,38
39,14,14,38
38,15,15,38
38,16,16,38
37,17,17,38
36,19,18,38
36,20,20,38
36,20,20,38
34,21,21,38
34,22,22,38
33,24,24,38
33,25,25,38
34,27,27,38
36,28,27,38
35,29,29,38
34,30,30,38
34,31,31,38
34,32,32,38
34,33,33,38
34,36,36,38
34,38,37,38
34,39,39,38
34,39,39,38
32,40,40,38
33,41,40,38
33,42,42,38
33,43,42,38
33,44,44,38
33,45,45,38
33,46,46,38
33,47,47,38
32,52,51,38
34,55,53,38
34,55,53,38
33,54,53,38
33,58,58,38
33,58,58,38
33,59,59,38
33,61,60,38
34,62,62,38
33,62,62,38
33,63,63,38
33,64,63,38
33,65,65,38
33,66,66,38
33,67,67,38
33,68,68,38
33,69,69,38
33,70,70,38
33,72,71,38
33,71,71,38
33,73,73,38
33,74,74,38
33,75,75,38
33,76,76,38
33,77,77,38
33,78,78,38
33,79,79,38
42,4,4,39
39,5,5,39
37,7,7,39
31,8,8,39
42,12,12,39
43,11,8,39
40,14,14,39
42,12,12,39
41,13,12,39
40,14,14,39
39,15,15,39
39,16,16,39
38,17,17,39
37,19,18,39
37,20,20,39
37,20,20,39
35,21,21,39
34,23,23,39
34,24,24,39
35,26,25,39
37,28,27,39
37,28,27,39
36,29,29,39
36,29,29,39
35,30,30,39
35,31,31,39
35,32,32,39
34,34,33,39
35,35,33,39
35,36,36,39
35,38,37,39
35,39,39,39
35,39,39,39
34,41,40,39
34,43,42,39
34,43,42,39
34,42,42,39
34,44,44,39
34,45,45,39
33,48,47,39
33,49,49,39
33,50,50,39
33,52,51,39
33,51,51,39
33,53,53,39
34,54,53,39
34,56,56,39
34,57,57,39
34,58,58,39
34,59,59,39
34,60,60,39
35,64,63,39
34,64,63,39
35,63,63,39
34,65,65,39
34,66,66,39
34,67,67,39
34,68,68,39
34,69,69,39
34,70,70,39
34,71,71,39
34,72,71,39
34,73,73,39
34,74,74,39
34,75,75,39
32,3,3,40
43,4,4,40
40,5,5,40
38,6,6,40
38,7,7,40
36,9,8,40
43,12,12,40
41,14,14,40
44,11,8,40
43,12,12,40
42,13,12,40
41,14,14,40
40,15,15,40
40,16,16,40
39,17,17,40
36,18,18,40
38,19,18,40
38,20,20,40
35,22,22,40
35,23,23,40
35,24,24,40
35,25,25,40
36,26,25,40
36,27,27,40
37,29,29,40
36,30,30,40
36,31,31,40
35,34,33,40
36,35,33,40
36,36,36,40
36,36,36,40
36,38,37,40
36,39,39,40
36,39,39,40
34,40,40,40
35,41,40,40
35,42,42,40
35,43,42,40
34,46,46,40
34,48,47,40
34,47,47,40
34,49,49,40
34,50,50,40
34,52,51,40
34,53,53,40
35,55,53,40
35,54,53,40
35,56,56,40
35,57,57,40
35,58,58,40
35,59,59,40
35,60,60,40
35,61,60,40
35,62,62,40
34,63,63,40
35,65,65,40
36,65,65,40
35,66,66,40
37,66,66,40
35,67,67,40
35,68,68,40
35,69,69,40
35,70,70,40
35,71,71,40
34,76,76,40
34,77,77,40
34,78,78,40
34,79,79,40
33,3,3,41
44,4,4,41
41,5,5,41
39,6,6,41
33,8,8,41
44,12,12,41
42,14,14,41
45,11,8,41
44,12,12,41
43,13,12,41
42,14,14,41
41,15,15,41
41,16,16,41
40,17,17,41
37,18,18,41
39,19,18,41
39,20,20,41
36,21,21,41
36,22,22,41
36,23,23,41
36,24,24,41
37,26,25,41
38,28,27,41
38,28,27,41
38,29,29,41
38,29,29,41
37,30,30,41
36,32,32,41
37,35,33,41
37,36,36,41
37,38,37,41
37,36,36,41
37,38,37,41
37,39,39,41
37,39,39,41
35,40,40,41
35,44,44,41
35,45,45,41
35,46,46,41
35,48,47,41
35,47,47,41
35,49,49,41
35,50,50,41
35,52,51,41
36,55,53,41
36,55,53,41
36,54,53,41
36,56,56,41
36,56,56,41
36,57,57,41
36,58,58,41
36,59,59,41
36,61,60,41
36,60,60,41
36,62,62,41
36,64,63,41
36,66,66,41
37,67,67,41
36,67,67,41
35,72,71,41
35,73,73,41
35,74,74,41
35,75,75,41
35,76,76,41
35,77,77,41
35,78,78,41
35,79,79,41
34,3,3,42
45,4,4,42
42,5,5,42
40,6,6,42
39,7,7,42
47,11,8,42
46,11,8,42
44,13,12,42
43,14,14,42
42,15,15,42
44,13,12,42
45,12,12,42
43,14,14,42
42,15,15,42
42,16,16,42
41,17,17,42
38,18,18,42
40,19,18,42
40,20,20,42
37,21,21,42
37,22,22,42
37,23,23,42
37,24,24,42
38,26,25,42
38,27,27,42
39,29,29,42
39,28,27,42
39,29,29,42
37,31,31,42
37,32,32,42
37,33,33,42
38,35,33,42
38,36,36,42
38,36,36,42
37,37,37,42
38,38,37,42
38,39,39,42
36,41,40,42
36,43,42,42
36,42,42,42
36,44,44,42
36,45,45,42
36,46,46,42
36,47,47,42
36,48,47,42
36,49,49,42
36,50,50,42
36,52,51,42
36,53,53,42
37,56,56,42
37,55,53,42
37,56,56,42
37,57,57,42
37,58,58,42
37,59,59,42
37,60,60,42
37,61,60,42
37,62,62,42
36,63,63,42
37,64,63,42
37,65,65,42
36,68,68,42
38,68,68,42
36,69,69,42
38,69,69,42
36,70,70,42
36,72,71,42
36,71,71,42
36,73,73,42
36,74,74,42
36,75,75,42
36,76,76,42
36,77,77,42
36,78,78,42
36,79,79,42
35,3,3,43
46,4,4,43
43,5,5,43
41,6,6,43
40,7,7,43
48,11,8,43
45,13,12,43
44,14,14,43
45,13,12,43
46,12,12,43
44,14,14,43
43,15,15,43
43,16,16,43
42,17,17,43
41,19,18,43
41,20,20,43
41,20,20,43
38,21,21,43
38,22,22,43
38,23,23,43
38,24,24,43
39,26,25,43
40,28,27,43
40,29,29,43
40,29,29,43
38,30,30,43
38,31,31,43
38,32,32,43
39,35,33,43
39,36,36,43
38,34,33,43
39,36,36,43
38,37,37,43
39,38,37,43
37,41,40,43
37,42,42,43
37,42,42,43
37,43,42,43
37,44,44,43
37,45,45,43
37,46,46,43
37,48,47,43
37,47,47,43
37,49,49,43
37,50,50,43
37,52,51,43
37,53,53,43
38,56,56,43
38,55,53,43
38,57,57,43
38,56,56,43
38,57,57,43
38,58,58,43
38,59,59,43
38,61,60,43
38,60,60,43
38,62,62,43
37,63,63,43
37,68,68,43
37,69,69,43
37,70,70,43
39,70,70,43
37,72,71,43
37,71,71,43
37,73,73,43
37,74,74,43
37,75,75,43
37,76,76,43
37,77,77,43
37,78,78,43
37,79,79,43
47,4,4,44
44,5,5,44
42,6,6,44
41,7,7,44
49,11,8,44
46,13,12,44
45,14,14,44
44,15,15,44
46,13,12,44
47,12,12,44
45,14,14,44
44,15,15,44
44,16,16,44
43,17,17,44
40,18,18,44
42,19,18,44
42,20,20,44
39,21,21,44
39,22,22,44
39,23,23,44
39,24,24,44
38,25,25,44
40,26,25,44
40,27,27,44
41,28,27,44
41,29,29,44
39,30,30,44
39,31,31,44
39,32,32,44
39,34,33,44
40,36,36,44
40,35,33,44
40,36,36,44
39,39,39,44
38,41,40,44
38,42,42,44
38,42,42,44
38,43,42,44
38,44,44,44
38,45,45,44
38,46,46,44
38,47,47,44
38,48,47,44
38,49,49,44
38,50,50,44
37,51,51,44
39,55,53,44
39,56,56,44
39,56,56,44
39,57,57,44
39,58,58,44
39,59,59,44
39,60,60,44
38,64,63,44
38,63,63,44
38,65,65,44
38,66,66,44
38,67,67,44
38,70,70,44
38,71,71,44
40,71,71,44
38,72,71,44
40,72,71,44
38,73,73,44
38,74,74,44
38,75,75,44
38,76,76,44
38,77,77,44
38,78,78,44
38,79,79,44
36,3,3,45
48,4,4,45
45,5,5,45
43,6,6,45
42,7,7,45
36,8,8,45
50,11,8,45
47,13,12,45
46,14,14,45
47,13,12,45
48,12,12,45
46,14,14,45
45,15,15,45
44,17,17,45
41,18,18,45
43,19,18,45
43,20,20,45
40,21,21,45
40,22,22,45
40,23,23,45
39,25,25,45
42,28,27,45
42,28,27,45
42,29,29,45
42,29,29,45
40,30,30,45
40,31,31,45
40,32,32,45
40,34,33,45
41,35,33,45
41,36,36,45
41,36,36,45
40,38,37,45
40,39,39,45
40,39,39,45
39,41,40,45
39,43,42,45
39,43,42,45
39,42,42,45
39,44,44,45
39,45,45,45
39,46,46,45
39,47,47,45
38,52,51,45
39,54,53,45
40,56,56,45
40,57,57,45
40,55,53,45
40,56,56,45
40,57,57,45
39,61,60,45
39,62,62,45
39,63,63,45
39,64,63,45
39,65,65,45
39,66,66,45
39,67,67,45
39,68,68,45
39,69,69,45
39,72,71,45
41,73,73,45
41,73,73,45
41,74,74,45
41,74,74,45
39,74,74,45
39,75,75,45
39,76,76,45
39,77,77,45
39,78,78,45
39,79,79,45
37,3,3,46
49,4,4,46
46,5,5,46
44,6,6,46
43,7,7,46
37,8,8,46
51,11,8,46
49,12,12,46
49,12,12,46
48,13,12,46
47,14,14,46
46,15,15,46
45,16,16,46
45,17,17,46
44,19,18,46
41,21,21,46
41,22,22,46
40,24,24,46
40,25,25,46
43,28,27,46
43,28,27,46
43,29,29,46
43,29,29,46
41,30,30,46
41,31,31,46
41,32,32,46
41,33,33,46
42,35,33,46
42,36,36,46
41,38,37,46
41,39,39,46
41,39,39,46
39,40,40,46
40,41,40,46
40,42,42,46
40,43,42,46
40,44,44,46
40,45,45,46
39,48,47,46
39,49,49,46
39,50,50,46
39,52,51,46
41,55,53,46
41,56,56,46
40,54,53,46
41,56,56,46
40,58,58,46
40,59,59,46
40,60,60,46
40,61,60,46
40,62,62,46
40,64,63,46
40,65,65,46
40,66,66,46
40,67,67,46
40,68,68,46
40,69,69,46
40,70,70,46
40,73,73,46
40,74,74,46
40,75,75,46
42,75,75,46
40,76,76,46
38,3,3,47
50,4,4,47
47,5,5,47
45,6,6,47
44,7,7,47
52,11,8,47
50,12,12,47
48,14,14,47
47,15,15,47
50,12,12,47
49,13,12,47
48,14,14,47
47,15,15,47
46,16,16,47
46,17,17,47
45,19,18,47
44,20,20,47
44,20,20,47
42,21,21,47
41,23,23,47
41,24,24,47
41,25,25,47
44,28,27,47
44,28,27,47
44,29,29,47
42,30,30,47
42,31,31,47
42,32,32,47
43,35,33,47
41,34,33,47
41,37,37,47
42,38,37,47
42,39,39,47
41,41,40,47
41,43,42,47
41,43,42,47
41,42,42,47
40,46,46,47
40,48,47,47
40,47,47,47
40,49,49,47
40,50,50,47
39,51,51,47
41,54,53,47
41,54,53,47
41,57,57,47
41,57,57,47
41,58,58,47
41,59,59,47
41,61,60,47
41,60,60,47
41,62,62,47
40,63,63,47
41,64,63,47
41,65,65,47
41,66,66,47
41,67,67,47
41,68,68,47
41,69,69,47
41,70,70,47
41,72,71,47
43,76,76,47
43,76,76,47
43,77,77,47
40,77,77,47
40,78,78,47
40,79,79,47
39,3,3,48
51,4,4,48
48,5,5,48
46,6,6,48
45,7,7,48
53,11,8,48
50,13,12,48
49,14,14,48
50,13,12,48
51,12,12,48
49,14,14,48
48,15,15,48
47,16,16,48
47,17,17,48
46,19,18,48
45,20,20,48
45,20,20,48
43,21,21,48
42,22,22,48
42,23,23,48
42,24,24,48
42,25,25,48
44,26,25,48
43,27,27,48
45,28,27,48
45,29,29,48
43,30,30,48
43,31,31,48
43,32,32,48
42,34,33,48
44,35,33,48
43,36,36,48
43,36,36,48
42,37,37,48
43,38,37,48
43,39,39,48
41,40,40,48
42,41,40,48
41,44,44,48
41,45,45,48
41,46,46,48
41,47,47,48
41,48,47,48
41,49,49,48
41,50,50,48
40,51,51,48
41,52,51,48
41,53,53,48
42,54,53,48
42,55,53,48
42,56,56,48
42,57,57,48
42,58,58,48
42,59,59,48
42,61,60,48
42,60,60,48
42,62,62,48
42,64,63,48
42,65,65,48
42,65,65,48
42,66,66,48
42,67,67,48
42,68,68,48
42,69,69,48
41,75,75,48
41,76,76,48
41,77,77,48
44,78,78,48
41,78,78,48
41,79,79,48
52,4,4,49
53,4,4,49
49,5,5,49
47,6,6,49
46,7,7,49
39,8,8,49
54,11,8,49
51,13,12,49
50,14,14,49
51,13,12,49
52,12,12,49
53,12,12,49
50,14,14,49
49,15,15,49
48,16,16,49
48,17,17,49
47,19,18,49
46,20,20,49
46,20,20,49
43,22,22,49
43,23,23,49
43,24,24,49
43,25,25,49
44,27,27,49
46,28,27,49
46,29,29,49
44,30,30,49
44,31,31,49
43,33,33,49
44,36,36,49
44,36,36,49
43,37,37,49
44,38,37,49
44,39,39,49
42,42,42,49
42,43,42,49
42,44,44,49
42,45,45,49
42,46,46,49
42,47,47,49
42,48,47,49
42,49,49,49
42,50,50,49
41,51,51,49
43,55,53,49
43,55,53,49
43,56,56,49
43,56,56,49
43,57,57,49
43,58,58,49
43,59,59,49
43,60,60,49
43,61,60,49
43,62,62,49
42,63,63,49
43,64,63,49
43,65,65,49
43,66,66,49
42,70,70,49
42,71,71,49
42,72,71,49
42,73,73,49
42,74,74,49
42,76,76,49
42,77,77,49
42,78,78,49
44,79,79,49
42,79,79,49
40,3,3,50
54,4,4,50
50,5,5,50
48,6,6,50
47,7,7,50
50,10,8,50
54,12,12,50
55,11,8,50
51,14,14,50
54,12,12,50
52,13,12,50
51,14,14,50
50,15,15,50
49,16,16,50
49,17,17,50
45,18,18,50
48,19,18,50
47,20,20,50
44,21,21,50
44,22,22,50
44,23,23,50
44,24,24,50
45,26,25,50
47,28,27,50
47,28,27,50
47,29,29,50
47,29,29,50
45,30,30,50
44,32,32,50
44,33,33,50
45,35,33,50
45,36,36,50
45,36,36,50
44,37,37,50
45,38,37,50
45,39,39,50
43,41,40,50
43,42,42,50
43,42,42,50
43,43,42,50
43,44,44,50
43,45,45,50
43,46,46,50
43,48,47,50
43,47,47,50
43,49,49,50
43,50,50,50
42,51,51,50
44,55,53,50
44,55,53,50
44,56,56,50
44,57,57,50
44,56,56,50
44,57,57,50
44,58,58,50
44,59,59,50
44,61,60,50
44,60,60,50
44,62,62,50
43,63,63,50
44,64,63,50
43,67,67,50
43,68,68,50
43,69,69,50
43,70,70,50
43,71,71,50
43,72,71,50
43,73,73,50
43,74,74,50
43,75,75,50
43,78,78,50
43,79,79,50
41,3,3,51
55,4,4,51
51,5,5,51
49,6,6,51
48,7,7,51
41,8,8,51
55,12,12,51
52,14,14,51
56,11,8,51
55,12,12,51
53,13,12,51
52,14,14,51
51,15,15,51
50,16,16,51
50,17,17,51
46,18,18,51
49,19,18,51
48,20,20,51
45,21,21,51
45,22,22,51
45,23,23,51
45,24,24,51
46,26,25,51
48,28,27,51
46,27,27,51
45,31,31,51
45,32,32,51
46,35,33,51
46,36,36,51
45,34,33,51
46,36,36,51
45,37,37,51
46,38,37,51
46,39,39,51
44,41,40,51
44,43,42,51
44,43,42,51
44,42,42,51
44,44,44,51
44,45,45,51
44,46,46,51
44,48,47,51
44,47,47,51
44,49,49,51
44,50,50,51
43,51,51,51
45,55,53,51
45,56,56,51
45,56,56,51
45,57,57,51
45,58,58,51
45,59,59,51
45,61,60,51
45,60,60,51
45,62,62,51
44,63,63,51
44,65,65,51
44,66,66,51
44,67,67,51
44,68,68,51
44,69,69,51
44,70,70,51
44,71,71,51
44,72,71,51
44,73,73,51
44,74,74,51
44,75,75,51
44,76,76,51
44,77,77,51
42,3,3,52
56,4,4,52
52,5,5,52
50,6,6,52
49,7,7,52
47,9,8,52
54,13,12,52
58,11,8,52
53,14,14,52
57,11,8,52
54,13,12,52
56,12,12,52
53,14,14,52
52,15,15,52
51,16,16,52
51,17,17,52
50,19,18,52
49,20,20,52
49,20,20,52
46,21,21,52
46,22,22,52
46,23,23,52
46,24,24,52
47,26,25,52
49,28,27,52
49,28,27,52
48,29,29,52
48,29,29,52
46,30,30,52
46,31,31,52
46,32,32,52
46,34,33,52
47,35,33,52
47,36,36,52
47,36,36,52
47,38,37,52
47,39,39,52
45,41,40,52
45,42,42,52
45,42,42,52
45,43,42,52
45,44,44,52
45,45,45,52
45,46,46,52
45,47,47,52
44,52,51,52
46,55,53,52
46,56,56,52
46,57,57,52
46,56,56,52
46,57,57,52
46,58,58,52
46,59,59,52
46,60,60,52
45,63,63,52
45,64,63,52
45,65,65,52
45,66,66,52
45,67,67,52
45,68,68,52
45,69,69,52
45,70,70,52
45,72,71,52
45,71,71,52
45,73,73,52
45,74,74,52
45,75,75,52
45,76,76,52
45,77,77,52
45,78,78,52
45,79,79,52
43,3,3,53
57,4,4,53
53,5,5,53
51,6,6,53
50,7,7,53
43,8,8,53
59,11,8,53
57,12,12,53
54,14,14,53
57,12,12,53
55,13,12,53
54,14,14,53
53,15,15,53
52,16,16,53
52,17,17,53
48,18,18,53
51,19,18,53
50,20,20,53
47,21,21,53
47,22,22,53
47,23,23,53
48,26,25,53
48,27,27,53
49,29,29,53
50,28,27,53
49,29,29,53
47,30,30,53
47,31,31,53
47,32,32,53
47,33,33,53
48,36,36,53
48,35,33,53
48,36,36,53
46,37,37,53
48,38,37,53
46,41,40,53
46,43,42,53
46,43,42,53
46,42,42,53
46,44,44,53
46,45,45,53
45,48,47,53
45,49,49,53
45,50,50,53
45,52,51,53
46,54,53,53
47,56,56,53
47,57,57,53
47,55,53,53
47,56,56,53
47,57,57,53
47,58,58,53
46,61,60,53
46,62,62,53
46,64,63,53
46,65,65,53
46,66,66,53
46,67,67,53
46,68,68,53
46,69,69,53
46,70,70,53
46,71,71,53
46,72,71,53
46,73,73,53
46,74,74,53
46,75,75,53
46,76,76,53
58,4,4,54
54,5,5,54
52,6,6,54
51,7,7,54
49,9,8,54
56,13,12,54
56,13,12,54
58,12,12,54
55,14,14,54
54,15,15,54
53,16,16,54
53,17,17,54
49,18,18,54
52,19,18,54
51,20,20,54
48,21,21,54
48,22,22,54
47,24,24,54
49,26,25,54
51,28,27,54
51,28,27,54
50,29,29,54
50,29,29,54
48,30,30,54
48,31,31,54
48,32,32,54
48,34,33,54
49,36,36,54
49,35,33,54
49,36,36,54
47,37,37,54
48,39,39,54
46,40,40,54
47,41,40,54
47,42,42,54
47,43,42,54
47,44,44,54
46,46,46,54
46,47,47,54
46,48,47,54
46,49,49,54
46,50,50,54
45,51,51,54
47,54,53,54
48,56,56,54
48,55,53,54
47,59,59,54
48,56,56,54
47,59,59,54
47,61,60,54
47,60,60,54
47,62,62,54
47,64,63,54
47,65,65,54
47,65,65,54
47,66,66,54
47,67,67,54
47,68,68,54
47,69,69,54
47,70,70,54
47,72,71,54
47,71,71,54
47,73,73,54
46,77,77,54
46,78,78,54
46,79,79,54
44,3,3,55
59,4,4,55
55,5,5,55
53,6,6,55
52,7,7,55
55,10,8,55
57,13,12,55
56,14,14,55
57,13,12,55
59,12,12,55
56,14,14,55
55,15,15,55
54,16,16,55
54,17,17,55
50,18,18,55
53,19,18,55
52,20,20,55
49,21,21,55
49,22,22,55
48,23,23,55
48,24,24,55
50,26,25,55
52,28,27,55
52,28,27,55
51,29,29,55
51,29,29,55
49,30,30,55
49,31,31,55
49,32,32,55
50,35,33,55
50,36,36,55
50,36,36,55
49,38,37,55
49,39,39,55
49,39,39,55
48,41,40,55
48,42,42,55
47,45,45,55
47,46,46,55
47,48,47,55
47,47,47,55
47,49,49,55
47,50,50,55
46,51,51,55
47,52,51,55
47,53,53,55
49,55,53,55
48,54,53,55
48,57,57,55
48,58,58,55
48,59,59,55
48,60,60,55
48,61,60,55
48,62,62,55
48,64,63,55
48,65,65,55
48,65,65,55
48,66,66,55
48,67,67,55
48,68,68,55
48,69,69,55
48,70,70,55
47,74,74,55
47,75,75,55
47,76,76,55
47,77,77,55
47,78,78,55
47,79,79,55
45,3,3,56
56,5,5,56
54,6,6,56
53,7,7,56
51,9,8,56
58,13,12,56
57,14,14,56
58,13,12,56
57,14,14,56
56,15,15,56
55,16,16,56
55,17,17,56
51,18,18,56
53,20,20,56
50,21,21,56
49,23,23,56
49,24,24,56
49,25,25,56
51,26,25,56
51,27,27,56
52,29,29,56
50,30,30,56
50,31,31,56
50,32,32,56
51,35,33,56
51,36,36,56
51,36,36,56
49,37,37,56
50,38,37,56
50,39,39,56
47,40,40,56
48,43,42,56
48,44,44,56
48,45,45,56
48,46,46,56
48,47,47,56
48,48,47,56
48,49,49,56
48,50,50,56
48,52,51,56
49,54,53,56
49,54,53,56
49,56,56,56
49,56,56,56
49,57,57,56
49,58,58,56
49,59,59,56
49,61,60,56
49,60,60,56
49,62,62,56
48,63,63,56
49,64,63,56
49,65,65,56
49,66,66,56
49,67,67,56
49,68,68,56
48,71,71,56
48,72,71,56
48,73,73,56
48,74,74,56
48,75,75,56
48,76,76,56
48,77,77,56
48,78,78,56
48,79,79,56
46,3,3,57
57,5,5,57
55,6,6,57
46,8,8,57
59,13,12,57
59,13,12,57
58,14,14,57
57,15,15,57
56,16,16,57
56,17,17,57
54,19,18,57
54,20,20,57
51,21,21,57
50,22,22,57
50,23,23,57
50,24,24,57
50,25,25,57
52,26,25,57
52,27,27,57
53,28,27,57
53,29,29,57
51,30,30,57
51,31,31,57
52,35,33,57
51,38,37,57
51,39,39,57
51,38,37,57
50,37,37,57
51,39,39,57
48,40,40,57
49,41,40,57
49,42,42,57
49,43,42,57
49,44,44,57
49,45,45,57
49,46,46,57
49,47,47,57
49,48,47,57
49,49,49,57
49,50,50,57
48,51,51,57
50,55,53,57
50,55,53,57
50,56,56,57
50,57,57,57
50,58,58,57
50,59,59,57
50,60,60,57
50,61,60,57
50,62,62,57
50,64,63,57
50,65,65,57
50,65,65,57
49,69,69,57
49,70,70,57
49,72,71,57
49,71,71,57
49,73,73,57
49,74,74,57
49,75,75,57
49,76,76,57
49,77,77,57
49,78,78,57
49,79,79,57
47,3,3,58
58,5,5,58
56,6,6,58
54,7,7,58
47,8,8,58
59,14,14,58
58,15,15,58
59,14,14,58
58,15,15,58
57,16,16,58
57,17,17,58
55,19,18,58
55,20,20,58
55,20,20,58
51,22,22,58
51,23,23,58
51,24,24,58
51,25,25,58
54,28,27,58
54,28,27,58
54,29,29,58
52,30,30,58
52,31,31,58
51,32,32,58
51,33,33,58
53,35,33,58
52,36,36,58
52,36,36,58
51,37,37,58
52,38,37,58
52,39,39,58
49,40,40,58
50,41,40,58
50,42,42,58
50,43,42,58
50,44,44,58
50,45,45,58
50,46,46,58
50,48,47,58
50,47,47,58
50,49,49,58
50,54,53,58
51,55,53,58
51,56,56,58
51,56,56,58
51,57,57,58
51,58,58,58
51,59,59,58
51,60,60,58
51,61,60,58
51,62,62,58
50,63,63,58
50,66,66,58
50,67,67,58
50,68,68,58
50,69,69,58
50,70,70,58
50,72,71,58
50,71,71,58
50,73,73,58
50,74,74,58
50,75,75,58
50,76,76,58
50,77,77,58
50,78,78,58
50,79,79,58
59,5,5,59
57,6,6,59
55,7,7,59
59,10,8,59
59,15,15,59
59,15,15,59
58,16,16,59
58,17,17,59
53,18,18,59
56,19,18,59
56,20,20,59
52,21,21,59
52,22,22,59
52,23,23,59
52,24,24,59
54,26,25,59
53,27,27,59
55,28,27,59
55,29,29,59
53,30,30,59
52,32,32,59
52,33,33,59
53,36,36,59
53,36,36,59
52,37,37,59
53,38,37,59
53,39,39,59
51,41,40,59
51,42,42,59
51,42,42,59
51,43,42,59
51,44,44,59
51,45,45,59
51,46,46,59
51,47,47,59
51,48,47,59
50,50,50,59
50,52,51,59
50,53,53,59
52,56,56,59
52,57,57,59
52,55,53,59
52,56,56,59
52,57,57,59
52,58,58,59
52,59,59,59
52,60,60,59
52,61,60,59
51,64,63,59
51,63,63,59
51,65,65,59
51,66,66,59
51,67,67,59
51,68,68,59
51,69,69,59
51,70,70,59
51,72,71,59
51,71,71,59
51,73,73,59
51,74,74,59
51,75,75,59
51,76,76,59
51,77,77,59
51,78,78,59
51,79,79,59
48,3,3,60
58,6,6,60
56,7,7,60
54,9,8,60
59,16,16,60
59,16,16,60
59,17,17,60
57,19,18,60
57,20,20,60
57,20,20,60
53,21,21,60
53,22,22,60
53,23,23,60
53,24,24,60
52,25,25,60
56,28,27,60
56,29,29,60
56,29,29,60
53,31,31,60
53,32,32,60
53,33,33,60
54,36,36,60
54,35,33,60
54,36,36,60
54,38,37,60
54,39,39,60
51,40,40,60
52,41,40,60
52,42,42,60
52,43,42,60
52,44,44,60
52,45,45,60
51,49,49,60
51,50,50,60
51,52,51,60
52,54,53,60
53,56,56,60
53,57,57,60
53,55,53,60
53,56,56,60
53,57,57,60
53,58,58,60
53,59,59,60
53,60,60,60
52,62,62,60
52,64,63,60
52,65,65,60
52,66,66,60
52,67,67,60
52,68,68,60
52,69,69,60
52,70,70,60
52,72,71,60
52,71,71,60
52,73,73,60
52,74,74,60
52,75,75,60
52,76,76,60
49,3,3,61
59,6,6,61
57,7,7,61
55,9,8,61
58,19,18,61
58,19,18,61
58,20,20,61
58,20,20,61
54,21,21,61
54,22,22,61
54,23,23,61
53,25,25,61
55,26,25,61
55,27,27,61
57,28,27,61
57,29,29,61
54,30,30,61
54,31,31,61
54,32,32,61
54,34,33,61
55,35,33,61
55,36,36,61
55,36,36,61
53,37,37,61
55,38,37,61
55,39,39,61
52,40,40,61
53,41,40,61
53,42,42,61
53,43,42,61
53,44,44,61
52,46,46,61
52,48,47,61
52,47,47,61
52,49,49,61
52,50,50,61
52,52,51,61
54,55,53,61
54,55,53,61
54,56,56,61
54,57,57,61
54,56,56,61
54,57,57,61
54,58,58,61
54,59,59,61
53,61,60,61
53,62,62,61
53,64,63,61
53,65,65,61
53,65,65,61
53,66,66,61
53,67,67,61
53,68,68,61
53,69,69,61
53,70,70,61
53,71,71,61
53,72,71,61
53,73,73,61
52,77,77,61
52,78,78,61
52,79,79,61
50,3,3,62
58,7,7,62
56,9,8,62
56,18,18,62
59,20,20,62
59,19,18,62
59,20,20,62
55,21,21,62
55,22,22,62
55,23,23,62
54,24,24,62
56,26,25,62
58,28,27,62
58,28,27,62
58,29,29,62
58,29,29,62
55,30,30,62
55,31,31,62
55,32,32,62
55,33,33,62
56,35,33,62
56,36,36,62
56,36,36,62
54,37,37,62
56,38,37,62
54,41,40,62
54,42,42,62
54,43,42,62
53,45,45,62
53,46,46,62
53,47,47,62
53,48,47,62
53,49,49,62
53,50,50,62
53,52,51,62
54,54,53,62
55,56,56,62
55,55,53,62
55,57,57,62
55,56,56,62
55,57,57,62
54,60,60,62
54,61,60,62
54,62,62,62
53,63,63,62
54,64,63,62
54,65,65,62
54,66,66,62
54,67,67,62
54,68,68,62
54,69,69,62
54,70,70,62
54,71,71,62
53,74,74,62
53,75,75,62
53,76,76,62
53,77,77,62
53,78,78,62
53,79,79,62
51,3,3,63
59,7,7,63
51,8,8,63
57,9,8,63
57,18,18,63
56,21,21,63
56,22,22,63
55,24,24,63
55,25,25,63
59,28,27,63
59,28,27,63
59,29,29,63
59,29,29,63
56,30,30,63
56,31,31,63
56,32,32,63
57,35,33,63
57,36,36,63
57,36,36,63
55,37,37,63
57,38,37,63
56,39,39,63
53,40,40,63
55,41,40,63
54,44,44,63
54,45,45,63
54,46,46,63
54,47,47,63
54,48,47,63
54,49,49,63
54,50,50,63
53,51,51,63
54,52,51,63
54,53,53,63
56,56,56,63
56,55,53,63
56,56,56,63
55,58,58,63
55,59,59,63
55,61,60,63
55,60,60,63
55,62,62,63
54,63,63,63
55,64,63,63
55,65,65,63
55,66,66,63
55,67,67,63
55,68,68,63
55,69,69,63
54,72,71,63
54,73,73,63
54,74,74,63
54,75,75,63
54,76,76,63
54,77,77,63
54,78,78,63
54,79,79,63
58,9,8,64
58,18,18,64
57,21,21,64
56,23,23,64
56,24,24,64
58,26,25,64
58,27,27,64
58,27,27,64
57,30,30,64
57,31,31,64
57,32,32,64
58,35,33,64
58,36,36,64
57,33,33,64
58,36,36,64
56,37,37,64
57,39,39,64
54,40,40,64
55,42,42,64
55,43,42,64
55,44,44,64
55,45,45,64
55,46,46,64
55,48,47,64
55,47,47,64
55,49,49,64
55,50,50,64
55,52,51,64
57,55,53,64
56,57,57,64
56,58,58,64
56,59,59,64
56,61,60,64
56,60,60,64
56,62,62,64
55,63,63,64
56,64,63,64
56,65,65,64
56,66,66,64
56,67,67,64
55,70,70,64
55,71,71,64
55,72,71,64
55,73,73,64
55,74,74,64
55,75,75,64
55,76,76,64
55,77,77,64
55,78,78,64
55,79,79,64
52,3,3,65
52,8,8,65
59,9,8,65
59,18,18,65
58,21,21,65
57,22,22,65
57,23,23,65
57,24,24,65
59,26,25,65
59,27,27,65
59,27,27,65
58,30,30,65
58,31,31,65
58,32,32,65
59,35,33,65
59,36,36,65
59,36,36,65
58,38,37,65
58,39,39,65
58,39,39,65
55,40,40,65
56,41,40,65
56,43,42,65
56,42,42,65
56,44,44,65
56,45,45,65
56,46,46,65
56,47,47,65
56,48,47,65
56,49,49,65
54,51,51,65
56,54,53,65
57,56,56,65
57,56,56,65
57,57,57,65
57,58,58,65
57,59,59,65
57,61,60,65
57,60,60,65
57,62,62,65
57,64,63,65
57,65,65,65
57,65,65,65
56,68,68,65
56,69,69,65
56,70,70,65
56,72,71,65
56,71,71,65
56,73,73,65
56,74,74,65
56,75,75,65
56,76,76,65
56,77,77,65
56,78,78,65
56,79,79,65
53,3,3,66
53,8,8,66
59,21,21,66
58,22,22,66
58,23,23,66
58,24,24,66
58,25,25,66
59,30,30,66
59,31,31,66
58,33,33,66
59,38,37,66
59,38,37,66
59,39,39,66
59,39,39,66
56,40,40,66
57,41,40,66
57,42,42,66
57,43,42,66
57,44,44,66
57,45,45,66
57,46,46,66
57,48,47,66
57,47,47,66
56,50,50,66
56,52,51,66
57,54,53,66
58,56,56,66
58,55,53,66
58,57,57,66
58,56,56,66
58,57,57,66
58,58,58,66
58,59,59,66
58,61,60,66
58,60,60,66
58,62,62,66
57,63,63,66
57,66,66,66
57,67,67,66
57,68,68,66
57,69,69,66
57,70,70,66
57,72,71,66
57,71,71,66
57,73,73,66
57,74,74,66
57,75,75,66
57,76,76,66
57,77,77,66
57,78,78,66
57,79,79,66
54,3,3,67
54,8,8,67
59,22,22,67
59,23,23,67
59,24,24,67
59,32,32,67
59,34,33,67
59,33,33,67
59,37,37,67
58,41,40,67
58,42,42,67
58,42,42,67
58,43,42,67
58,44,44,67
58,45,45,67
58,46,46,67
57,49,49,67
57,50,50,67
57,52,51,67
59,55,53,67
59,55,53,67
59,56,56,67
59,57,57,67
59,56,56,67
59,57,57,67
59,58,58,67
59,59,59,67
59,61,60,67
59,60,60,67
58,64,63,67
58,65,65,67
58,66,66,67
58,67,67,67
58,68,68,67
58,69,69,67
58,70,70,67
58,71,71,67
58,72,71,67
58,73,73,67
58,74,74,67
58,75,75,67
58,76,76,67
58,77,77,67
55,3,3,68
55,8,8,68
59,25,25,68
59,41,40,68
59,43,42,68
59,42,42,68
59,44,44,68
58,47,47,68
58,48,47,68
58,49,49,68
58,50,50,68
58,52,51,68
59,54,53,68
59,54,53,68
59,62,62,68
59,62,62,68
59,64,63,68
59,65,65,68
59,65,65,68
59,66,66,68
59,67,67,68
59,68,68,68
59,69,69,68
59,70,70,68
59,72,71,68
59,71,71,68
59,73,73,68
59,74,74,68
58,78,78,68
58,79,79,68
56,3,3,69
58,40,40,69
59,45,45,69
59,46,46,69
59,47,47,69
59,48,47,69
59,49,49,69
59,50,50,69
59,52,51,69
59,53,53,69
59,53,53,69
59,63,63,69
59,75,75,69
59,76,76,69
59,77,77,69
59,78,78,69
56,8,8,70
59,40,40,70
57,3,3,71
57,8,8,71
59,51,51,71
58,3,3,72
58,8,8,72
59,3,3,73
59,8,8,73
59,79,79,69
